688;0
688;12;6;0
688;6;2;0;0
688;12;2;0
688;4;0
12;4;224;0
0
4;20;0
6;240;0
6;76;0
12;6;322;0
2;56;0
0
0
2;8;0
8;284;0
6;2;0;0
12;8;500;0
10;0
0
690;2;458;0
690;2;334;0
690;0
690;6;2;0;0
690;2;746;0
690;132;0
690;282;0
4;2;0
6;2;0
216;0
4;0
4;0
4;0
10;4;70;0
12;4;0
2;604;0
4;492;0
4;224;0
6;48;0
8;0
0
12;504;0
6;580;0
4;6;112;0
6;48;0
6;0
8;6;100;0
10;6;68;0
2;2;0
2;0
0
8;40;0
12;0
4;2;94;0
8;518;0
6;8;0
10;0
0
8;8;0
10;8;0
12;8;0
10;0
658;0
340;0
6;32;0
40;0
2;882;0
4;4;210;0
4;0
0
12;492;0
6;0
4;634;0
2;268
692;160;0
692;4;122;0
692;4;100;0
692;4;0
692;0
692;4;0
692;4;0
692;0
692;0
692;6;0
692;6;0
692;6;6;20;0
692;386;0
692;12;6;0
692;2;2;1888;0
692;2;0
692;2;1940;0
692;8;1696;0
692;8;0
692;8;0
692;8;0
692;2;0
692;0
692;0
692;6;0
692;0
692;4;4;0
692;12;2;1568;0
692;8;98;0
692;104;0
692;10;0
692;12;1250;0
692;4;0
692;0
6;40;0
4;0
6;4;38;0
4;264;0
2;0
0
4;0
30;0
100;0
6;22;0
12;68;0
0
42;0
8;0
8;14;0
34;0
8;0
12;8;20;0
26;0
0
4;28;0
0
2;4;406;0
0
12;0
4;900;0
2;6
44;4
4;0
694;4;0
694;2;1502;0
694;0
694;4;114;0
694;12;1384;0
694;2;6;0
694;6;0
694;668;0
694;12;6;1986;0
694;0
694;1432;0
694;2;8;0
694;4;2;158;0
694;4;8;642;0
694;6;2;0;0
694;8;1188;0
694;12;8;1630;0
694;2;0
694;1194;0
694;4;0
694;4;4;332;0
694;12;2;0
694;4;0
694;2;0
4;0
684;0
2;0
4;288;0
0
6;0
6;0
12;600;0
0
2;2;504;0
2;0
594;0
8;472;0
8;0
6;2;0;0
8;302;0
10;0
0
780;0
4;0
10;2;0
2;0
2;4;0
10;0
4;0
4;0
696;2;2;0
696;6;2;0;0
4;332;0
2;140;0
2;0
4;182;0
12;0
2;6;0
4;6;0
10;6;54;0
2;2;0
0
12;410;0
8;320;0
4;2;26;0
4;8;252;0
6;2;0;0
10;8;74;0
12;8;0
10;54;0
2;0
4;128;0
4;4;0
12;2;0
2;4;350;0
4;374;0
698;6;2;0;0
0
2;0
6;200;0
6;2;0;0
8;438;0
12;380;0
4;4;120;10
2;8;272;14
2;14
2;6;750
12;16
6;432;16
550;16
16
8;380;16
478;16
12;4
12;364
4;440
20
754
700;0
700;6;926;0
700;0
700;6;836;0
700;2;6;850;0
700;6;6;496;0
700;6;0
700;656;0
700;6;2;0;0
700;10;8;0
700;2;0
700;0
700;10;6
700;12;6;900
700;2
700;8;856
700;12;130
700;2;8;866
700;8
700;6;8;738
700;700
700;8;8
700;12;8
700
700
700;750
700
700;8
700;4
12;4;0
2;0
2;0
12;60;0
6;0
12;334;0
264;0
2;160;0
12;0
2;0
8;210;0
4;8;0
12;8;320;0
0
130;0
2;0
4;4;64;0
12;2;0
2;4;354;0
4;364;0
4;0
702;12;4;500;0
702;250;0
702;4;1662;0
702;6;300;0
702;2;6;0
702;12;6;0
702;2;386;0
702;12;450;0
702;8;270;0
702;6;2;0;0
702;12;8;386;0
702;10;0;0
702;200;0
702;4;0
702;2;200;0
702;2;0
702;2;4;474;0
702;4;206;0
702;100;0
4;1928;0
2;0
2;0
2484;0
6;3124;0
2;6;0
12;0
6;0
8;3040;0
10;0;0
2402;0
4;2066;0
2;0
4;1794;0
2774;0
10;566;0
4;1684;0
1498;0
2
8;3048
2;8;2500
3976
704;4;0
704;4;788;0
704;10;0
704;10;6;144;0
704;6;0
704;2;8;296;14
704;6;4
704
704;4;6
704;6
704
704;6;8
704;8;264
704;4;230
704;4;16
704;192;16
704;12;156;16
704;6;206;16
704;16
704;128;16
704;12;316;16
704;8;16
704;8;16
704;10;8;290;16
704;16
704;258;16
704;8;254;32
704;4
6;748;0
8;670;0
1624;0
10;1510;0
0
4;9266
8;8606
2;14
4
1514
6;6;1316
6;1806
2;8
6;8;1768
8;3192
4;4;1054
2;4
6;4;1096;16
8;4;1148;16
10;4;16
2806;16
16
6;2642;16
4;6;1460;16
6;16
10;6;1684;16
3556;16
16
16
8;16
8;2244;16
8;16
8;16
10;8;2390;16
16
6;16
1134;16
12;1578;16
4;16
2;28
632;30
4;2;30
2;640;30
4;758;30
6;30
10
2
6;2;490
8;2;596
12;2;2206
0
4;568;0
706;12;4;72;0
706;100;0
706;4;100;0
706;12;42;0
706;2;6;54;0
706;8;6;140;0
706;6;0
706;0
706;570;0
706;32;0
706;12;350;0
706;8;322;0
706;8;42;0
706;6;8;46;0
706;0
706;8;8;40;0
706;10;8;0
706;12;8;868;0
706;100;0
706;206;0
706;34;0
706;6;30;0
706;0
706;2;0
706;2;0
706;0
706;4;94;0
4;70;0
4;70;0
8;4;0
10;4;0
12;4;0
0
4;20;0
2;578;0
0
8;20;0
10;0
12;0
2;6;0
12;1176;0
6;0
6;186;0
6;0
2;2;0
1002;0
800;0
12;800;0
2;8;0
8;0
8;0
0
6;2;0;0
8;20;0
10;8;0
10;0
382;0
0
4;0
66;0
8;80;0
4;4;342;0
8;100;0
12;2;618;0
102;0
0
10;130;0
6;0
4;950;0
4;402;0
708;4;900;0
708;2;0
708;406;0
708;4;408;0
708;336;0
708;6;800;0
708;6;484;0
708;0
708;6;528;0
708;2;300;0
708;8;500;0
708;6;2;0;0
708;526;0
708;10;2;0
708;2;0
708;0
708;4;0
708;10;6;300
708;4;8;300
708;10;8
708;12;8;370
708;2
708;12;1200;2
4;712;0
2;0
2;1090;0
4;0
12;0
6;682;0
6;0
6;222;0
6;6;72;0
8;6;0
2;2;708;0
0
0
12;728;0
2;8;708;0
8;490;0
6;2;0;0
10;8;0
12;8;0
604;0
2;432;0
4;0
2;334;0
2;0
12;2;0
0
710;4;310;0
710;12;4;0
710;304;0
710;4;92;0
710;12;324;0
710;2;6;360;0
710;4;6;88;0
710;0;0
2;0
2;148;0
4;0
4;0
6;158;0
6;76;0
2;0
4;2;46;0
0;0
2;168;0
2;0
12;2;0
2;4;0
4;158;0
102;0
712;28;0
712;6;2;0;0
712;12;74;0
712;4;0
60;0
6;2;0;0
10;0;0
12;4;694;8
8;12
2;6;16
4;6;16
4;16
12;6
12;70
12;8
344
4;4;198
4;198
714;52;0
714;2;6;200;0
714;8;358;0
714;6;2;0;0
714;2;4;156;0
714;2;8;448;14
714;4;8;160
714;4
714;12;6;576;16
714;318;16
714;222;16
714;310;16
716;7936;0
716;4;6;11512;0
716;6;0
716;4;12096
716;12;4;25000
716
716;12;16000
716;2;6;16588
716;12;6;9072
716;31314
716;12
716;2;8;16442
716;4;8
716;10
716;8;12114
716;10
716;2;17128
716
716;4
716;2
716;2
716;4
716;12;22202
716;13828
716;2;0
6;2;0;0
718;4;128;0
718;12;4;0
718;0
718;4;62;0
718;2;6;230;0
718;4;6;0
718;6;0
718;0
718;2;220;0
718;8;0
718;2;156;0
718;4;8;86;0
718;12;8;0
718;10;0;0
718;10;2;80;0
718;262;0
718;2;0
718;2;0
718;0
718;4;0
718;10;0
718;4;4;0
720;4;42;0
720;4;42;0
720;12;0
720;4;586;0
720;0
720;2;728;0
720;2;0
720;12;0
720;2;6;712;0
720;6;0
720;8;6;0
720;10;6;50;0
720;6;0
720;688;0
720;6;0
720;8;230;0
720;12;0
720;8;418;0
720;2;0
720;6;8;68;0
720;8;8;80;0
720;8;22;0
720;6;2;72;0
720;446;0
720;2;0
720;458;0
720;4;0
720;6;0
720;8;0
720;4;544;0
720;2;0
720;8;0
720;4;0
720;4;350;0
720;2;4;0
720;6;0
720;0
720;4;4;0
2;0
40;0
6;48;0
4;6;14;0
12;6;40;0
12;50;0
0
6;2;0;0
190;0
106;0
4;0
2;0
4;12;0
4;4;8;0
722;402;0
722;160;0
722;0
722;12;210;0
722;6;0
722;328;0
722;12;200;0
722;2;8;0
722;4;8;0
722;8;0
722;12;8;340;0
722;2;276;0
722;4;84;0
722;4;348;0
6;2;0;0
724;10;1094;0
724;6;0
724;12;6;280;0
724;2;2;2730;0
724;264;0
724;12;250;0
724;2;8;200;0
724;4;8;118;0
724;8;0
724;0
724;2;0
724;4162;0
724;10;2;0
724;4;3800;0
724;1992;0
724;850;0
6;2;0;0
10;0;0
2;28
12;8;600;32
32
726;340;0
726;0
726;8;0
726;2;8;420;0
726;8;0
726;10;30;0
726;8;272;0
726;2;0
726;4;0
726;6;10;0
726;0
6228;0
4;0
2;8;16142;0
10;8;6
10;2;8
4;4;3872
10;2560;10
4;10
10
2;14
2;12170;14
2;7880
2;6;14100
8
2;13890;16
2;16
5280;16
4;12644;16
4;11228;16
6;16
18344;16
8;16
3100;16
728;2;0
728;4;440;0
4;0
12;4;0
1260;0
2;0
1238;0
0
2;2;1060;0
4;2;0
10;746;0
4;0
4;1412;0
2;868;0
0
4;990;0
4;0
10;0
2;4;1700;0
4;6
6;2
6;1076;2
2
1442;2
2;8;1088;2
4;8;2
2
2;2
4;0;0
2022;0
730;402;0
730;2;0
730;0
730;2;6;600;0
730;4;6;0
730;2;400;0
730;12;570;0
730;8;318;0
730;8;0
730;12;8;0
730;10;2;36;0
730;4;504;0
730;0
730;4;168;0
730;4;0
730;0
6;0
4;0
6;0
10;3754;0
6;0
0
2;52152
2;50000
2;8
2
2;4
6;4
4
39764
4;6;25120
4;2
4;8
8
6;2;7554
4
2;50100
4
6;9000
4;30
8;4;30
10;4;29844;30
20774;30
4448;30
12;40000;30
7018;30
6;45000;30
6;3078;30
8;6;30
2;30
12;30
8;30
8;30
37664;30
8;2430;30
10;8;16026;30
12;8;35000;30
10;30
49456;30
30
60000;30
4;36652;30
12;2;59000;30
10;2;30
10;29930;30
8658;30
198292;0
732;12;3130;0
732;10;0
732;1778;0
732;10;6;278;0
732;6;0
732;2;2;0
732;4;2;0
732;2000;0
732;10;2;0
732;2100;0
732;4;0
732;10;0
732;12;3324;0
732;4;4;584;0
732;4;1546
732;12;4;3484
732;2;2216
732;12;3324
732;6;2852
732;2578
732
732;12;2730
10;0
6;3298;0
10;6;6
10;8;8
10;2616
10;12
4;1354
2;3932
2;4556
2;5660
2
12;4;16
4;16
4;8;16
4;2020;16
10;2;16
2658;16
5998
6;4432
6
5828
12
8
12;8
2950
2036
4
4;1538;0
734;4;50;0
734;4;0
734;4;60;0
734;1166;0
734;2;750;0
734;8;0
734;10;510;0
734;0
734;2;6;1272;0
734;6;1050;0
734;6;0
734;8;6;30;0
734;6;0
734;2;1950;0
734;12;6;2040;0
734;2;1310;0
734;30;0
734;8;30;0
734;8;1176;0
734;8;1012;0
734;6;8;0
734;8;8;16;0
734;8;0
734;0
734;0
734;0
734;1786;0
734;4;928;0
734;10;2;0
734;12;2;1620;0
734;2;1362;0
734;10;0
734;0
734;30;0
734;12;0
734;0
2;6;112;0
138;0
12;216;0
2;8;100;0
4;8;0
0
2;0
4;0
736;10;6296;0
736;25608;0
736;6;468;0
736;10;6;3696;0
736;12;6;0
736;12;23904;0
736;8;0
736;12;8;35764;0
736;10;0;0
736;4;540
736;4;23738
736
736;22232
736;12;35648
736;2;6
736;6
736;2;26492
736;4;2
736;10;8;5968
736;8;21652
736;2
736
736
736
736;12;2;12000
736;2;23398
736;4
736;134
736
736;784
736;4;4
736;2;2;12668
736;4;0
12;4;108;0
4;136;0
0
2;0
6;16;0
22738;0
2;2;276;0
2;8;0
10;8;838;0
3982;0
10;2;384;0
0
12;2;380;0
10;0
2
8;38;2
6;1870;2
6;1358;2
4;6;2
6;6;14;2
6;2
12;6;2598;4
2;4
6;4
7942;4
8;4
4;8;4
6;8;88;4
2
12;8;8
10;1490;8
284;8
8;24;8
8
738;10;0
738;2;6;0
738;12;400;0
738;2;8;200;0
738;380;0
738;10;0;0
738;6;264
738;526
738
738;4;2;1128;6
738;4;4
738;6;576;10
738;10;2
738;2;14
738;2;2732;14
738;4;2882
738;2370
738;12;3036;16
738;16
738;12;16
738;2;16
738;4;2994;16
738;4;16
10;19394;0
6;54876;0
4;4
2;32
4;10804
10;8;24532
10;4;12982
10;2;44
10;2;44
10;26222;46
4;38700
52
6;52
10;30988;54
2;8
2;2;46600;60
64
2;64
66
12
2;53900
2;12832
8;79352
4;57746
12;2;63368
740;10;4;690;0
740;4;0
740;10;0
740;6;3102;0
740;2;5640;0
740;8;4734;0
740;10;0
740;10;8;798;0
740;12;8;0
740;0
740;4;0
740;4;0
740;4;4;0
740;12;4;1500
740;2;1580
740;12;2440
740;2;6
740;4;6;2704
740;4;8
740;4;9858
740;12
740;2;4
740;2;10760;16
740;2;18
740;18
740;12;2;18
740;0
2;6474;0
4;0
4026;0
6;0
4;6;0
6;0
0
2;6
2;7802
2;8;8132
4;2
10;4224
10;8;2594
10;3378
2
12;2
4;6206;2
6;2
2;7228;2
9814;2
2;2;2
2;2000;2
2;8424;2
12184;2
2;2790;2
12;2;2770;2
10;2;2030;2
10;3020;2
12;6460;2
742;10;4;1020;0
742;4;0
742;2;2246;0
742;2112;0
742;2046;0
742;10;2652;0
742;2;6;2318;0
742;3296;0
742;4;6;0
742;6;0
742;2;2;0
742;2;0
742;8;0
742;4;2;0
742;10;1020;0
742;8;2678;0
742;12;8;0
742;3118;0
742;2524;0
742;4;0
742;10;2;1020;0
742;12;2;0
742;2;0
742;10;1580;0
742;12;2884;0
742;4;4;1046;0
4;230;0
10;750;0
1500;0
10;936;0
10;750
2;2;954
2;8;1560
2;478
4;1500;16
1500;16
4;220;16
2;856;16
6;718;16
4;6;16
12;6;1500;16
1388;16
8;16
1388;16
12;8;1500;16
1500;16
4;16
4;1500;16
340;16
4;16
12;1500;16
452;32
10;4;750;96
10;8;750;96
744;10;4;370;0
744;12;998;0
744;630;0
744;728;0
744;4;0
744;10;0
744;12;700;0
744;2;6;1000;0
744;4;6;300;0
744;998;0
744;12;6;1400;0
744;2;0
744;12;1300;0
744;8;500;0
744;4;8;250;0
744;10;600;0
744;6;2;10;0
744;12;8;2000;0
744;0
744;4;100;0
744;4;520;0
744;2;624;0
744;4;0
744;4;180;0
744;12;910;0
744;4;4;188;0
12;2200;0
4;0
10;820;0
12;0
6;0
6;0
1376;0
10;6;0
12;6;5684;0
7678;0
2;2822;0
2;0
2;8;6166;0
8;0
10;0
10;8;1476;0
8;4878;0
1368;0
0
4172;0
10;2;0
0
4;0
4;0
0
2;4;5724;0
12;4;6284
2
2;2;26
746;10;1136;0
746;6;10412;0
746;10;2;8
746;4;2;42
746;10;8;3542;28
746;10;6;32
746;2;6
746;4;6;5588
746;2;2;7000
746;2;19234;46
746;2;8;20882;48
746;2;8994;48
746;12;50
746;2;50
746;12;2;50
746;10;4234;52
746;2;23240
746;8;66
746;4;22894;66
746
746;12;4;17756
746;22510
746;6;12696
746;8;14426
746;2
746;4;16318
746
4;0
748;2120;0
748;2492;0
748;10;0
748;15712;0
748;10;0
748;8;2
748;8
748;64;4
748;2;18938;6
748;6
748;2;4;6
748;4
748;4
748;4
748;12;4;20000
748;4;13058
748;17468
748;10
748;12;20000
748;6
748;6
748;6;6
748;6;2124
748;12;6;20000
748;2;2
748;6
748;2
748;12
748;8;18684
748;4;2
748;4;8
748;2
748;10
748;8;8;2532
748;6;2;2048
748;8;17452
748;10;11890
748;2;2934
748;2;2638
748
748;8
748;2146
748;17014
748;4
748;10;2;11496
748;2824
748;6
748;58168;14
748;0
12;0
10;240;0
10;0
0
2;2;2616;0
4;2;822;0
3348;0
2;0
12;2;0
2;2472;0
10;760;0
12;0
2;4;3228;0
10;6;12
10;14
4;1260;16
2;6;2776;18
2;8;2952;18
4;1748
4;8;1568
8;1826
4;1484
20
6;20
12;6;20
2674;20
8;20
12;8;1924;20
5944;20
750;12;0
750;4;0
750;10;0
750;0
750;2;2;4858;0
750;4;2;446;0
750;10;2;306;0
750;0
750;4;4;0
750;10;4;646;2
750;4;12
750;2;4;14
750;2;8;2982
750;2
750;4;6;816;16
750;4;2290;16
750;4
750;2290
750;12;4334;18
750;6;4046;18
750;18
750;12;2526;18
750;2530;18
750;1622
750;3400
750;2;0
750;0
4;42;0
4;352;0
0
0
2;0
2;54;0
2;6;8286
4;6
10;6;1766
2
12;7274
2;8
8
5576
8;5056
12;8
8668
4;3202
6;4;224;2
8;4;2
10;4;2
12;4;124;2
2
4;2
4;2108;2
12;4788;2
2;8
8
2;1770;8
4;8
74;8
12;2;2086
4;352;0
752;14526
752;4;2
752;12;2
752;2;2
752;0
10;0;0
4;1202;0
4;6;150
8;2
6
2;7398;2
2;2
2
4;8
2;1058;14
2;8;1216;14
2;6;980
4;532
4;4
1254;16
12;16
6;768;16
16
12;8;766;16
1276;16
2;7308;34
4;5156;0
754;8;0;0
0
8;6924;0
4;5780;0
10;4604;0
6;5690;0
10;0;0
4;5780
4;5806
4;5584
12
12;4;5274
4;5790
4
10
6;4750
6
4;6;4582
6;6
6
10;6
5928
2
6248
8;6022
2
8
8;7504
4;8
8;7112
8
8;6884
8
2;5856
6;2
2
2
4
12;2
10;2;6448
8
2;4;5264
5950
5726
6;5882
4;4;5328
756;4;0
756;12;0
756;2;86;0
756;4;0
756;30;0
756;6;0
756;12;6;198;0
756;2;66;0
756;8;0
756;8;50;0
756;10;0;0
756;2;0
756;96;0
756;2;34;0
756;12;2;88;0
756;2;84;0
2;2;12;0
2;0
2;0
0
2;0
2;56;0
0
0
48;0
6;0
758;2;2;150;0
758;2;80;0
758;0
758;2;0
758;4;276;0
758;2;252;0
758;2;4;0
758;12;168;0
758;2;326;0
320;0
12;8;500;0
10;0;0
2;400;0
2;352
2
2
8;786
4;8
4;764
12;2
2;4;702
12;438
4;6
12;4;8
2;6
12;510;26
6;26
760;8;0
760;12;8;50;0
760;0
12;0
10;0
762;10;4;758;0
762;2;12568;0
762;4;4748;0
762;270;0
762;12;11500;0
762;2;6;12056;0
762;6;0
762;4;6;0
762;2;2;0
762;2;5332;0
762;2;0
762;4;12566;0
762;2;0
762;4;0
762;4;4;5084;0
762;12
762;12;6
762;2
762;12
762;2;8;12486
762;4;8;5316
762;10
762;8;8512
762;10;3644
762;2;15250
762;4;4996
762;12;2;16686
762;12
2;0
5900;0
12;7500;0
6;4316;0
6;5424;0
14572;0
2;0
2;4776;0
8;5844;0
4;2;0
4;8;2882;0
5130;0
4750;0
4;0
4498;0
2;9624;0
2;4;8882;0
12
12;4;9000
2;6;6478
2
8;4256
2;6104
2;10218
4
4864
764;4;0
764;6;4;24;0
764;4;48;0
764;336;0
764;6;0
764;8;0
764;10;2080;0
764;6;5148;0
764;2;0
764;2;0
764;6;2;0
764;8;2;0
764;2;42;0
764;2;60;0
764;5598;0
764;12;2;0
764;0
764;2;9630;0
764;10;1586;0
764;12;0
764;54;0
764;6;32;0
764;4;2
764;8592;2
764;48;2
764;6;2
764;6;2
764;6;6;2
764;8;6;2
764;10;6;736;2
764;15192;2
764;8786;2
764;8;2
764;58;2
764;8;2
764;4;8;3342;2
764;6;8;46;2
764;8;22;2
764;8;8;2
764;8;6936;2
764;2
764;4;4272;2
764;102;2
764;2
764;4;4
8702;0
10;6;0
12;6;8952;0
6530
4;6;5312
10;3228
10;8;3874
10;2
10
2;2
4;5384;2
12;17500;2
6;10260;2
2
2;2;2
2
12;2
8;11074;2
12038;2
2;2
8692;2
4;2
4;12786;2
4;14224;2
4;2
4;4;2
12
12;2
766;2;4998;0
766;12;5600;0
766;6;0
766;4;6;2328;0
766;12;6;0
766;2;0
766;12;8000;0
766;2;8;5512;0
766;4;8;2328;0
766;10;0
766;10;8;1500;0
766;10;2138;0
766;2;6370;0
766;10;4;642
766;12
766
766;3856
766;2764
766;2
766;2;4750
766;12;8;6998
766;10;2
766;12;2
766;4;3468
766;2
766;4
766;4150
0
6;0
10;3042;0
10;4
4
12;4;9200
4
12;9600
2;6
12;6;6658
2;2;12960
2;6090
12
8;8928
8;8800
2;9078
10;2
7354
4
10;1352
12;8878
6304
768;4;38;0
768;4;0
768;4;0
768;0
768;4;2410;0
768;6;0
768;3490;0
768;0
768;10;0
768;28;0
768;6;64;0
768;4;8;1276;2
768;10;2
768;6;4128
768;12;6
768;11158
768;6450
768;2;8
768;8
768;8;3994
768
768;4072
768;4;2
768;10;2;1716
768;2;30
768;4;2938
768;4;4;2212
768;12;34
768;2;4704;34
768;2814;34
768;12;2;9018;34
12;0
12;4;9000;0
0
10;176;0
10;0
2;6;0
6;0
10;6;0
6;4782;0
2;0
2;2;0
12;8500;0
8;8632;0
8;0
10;1684;0
10;8;1634;0
8;0
2;0
2;9772;0
4;7642;0
10;2;1788;0
4;0
2;4;8898;0
4;2594;0
4;4;0
8766
12;8
770;10;0
770;3526;0
770;12;8;10496;0
770;10;4
770;2;6
770;4634
770;2;8
770;4;2
770
770;8
770;2;9480
770;4
770;12;6536;2
770;12;4;8800;2
770;2;8162;2
770;10;2712;2
770;6;5086;2
770;12;6;2
770;2;2;2
770;2;5366;2
770;8;5536;2
770;8;2
770;4;6780;2
770;12;2;2
770;2;2
770;2;4;2
770;12;7314;2
4;0
6;234;0
10;0
6;3048;0
10;8
4
2;4230;30
2;4282;30
2;4;30
6;4;32
4;236;32
134;32
32
6;232;32
236;32
4;2;1852;32
3152;32
8;32
4;32
2;3048;32
80;32
6;62;32
4;4;1154;32
8;4
12;4612
12;4;4500
8
6;4176
6
8;6
10;6
2
8
12;4086
8;4520
8;186
8;132
8;8
12;8
2
8
6228
96
4
10
12;3200
772;10;684;0
772;6;1832;0
772;1950;16
772;10;8;1552;22
772;10;1552;22
772;2;2706;28
772;2;8;28
772;2;2684;28
772;2;6
772;4;30
772;30
772;2;2348;30
772;30
772;10;4
772;12;4;2000
772
772;6
772;6
772;12;6
772;2
772;12
772;8
772;12;8;2136
772
772;3112
772;2040
772;12
4;100;0
10;0
2;8;0
4;0
2000;6
10;8;1136
4
2
2;2956;16
2;16
2;2456;16
2;16
2772;16
4;1582
2
2;6;2590
4;6;1088
8
3212
12;2
12
12;4;3200;18
12;2700;18
6;1890;18
12;6;18
12;4090;18
8;18
12;8;18
774;0
774;1918;0
774;4;2;86;6
774;10;6;10
774;10;8;1460;12
774;4
774;2
774;2;8
774;2;4694
774;2;4
774;12;4;4800;16
774;16
774;12;3400;16
774;10;16
774;6;2380;16
774;2;2;1558;16
774;2;2474;16
774;12;2634;16
774;8;16
774;8;16
774;12;8;16
774;4;676;16
774;4;3596;16
774;12;2;4114;16
774;4;2074;16
774;4;2250;16
774;4;4;2056;16
4;662;0
6;4;528;0
8;4;576;0
10;4;0
0
10;2622;0
0
0
2;5608;0
4;2;1334;0
2;604;0
12;8;0
2;560;0
0
2;0
4;0
6;242;0
0
0
12;2;8550;0
2;0
2;4;7124;0
622;0
10;0
328;0
6;0
4;5838
3752
6164
334
2;6
6;6128
6;6
8;6
10;6;2450
12;6;5300
2
8;968
12
2;8
4;8
6;8
8
8;794
10;8;3060
776;376;0
776;0
776;10;6;778
776;4;6;16
776;3040
776;10;8;22
776;10;4;24
776;4;26
776;4
776;2;30
776;2;8;30
776;2;4;6566;30
776;4;3222;32
776;32
776;4;32
776;4;4;1678;32
776;12;4;7200
776
776;6
776;6;3290
776;12;6;3222
776;4866
776;8
776;12;8;5996
776
776
776;3878
776;4
12;0
2;1652;0
2;932;0
102;0
12;1900;0
6;0
6;1150;0
1100;0
6;0
12;6;0
2;0
2;0
8;1556;0
2;8;1202;0
4;8;0
0
8;1486;0
12;8;1554;0
0
4;230;0
4;0
10;2;0
1604;0
4;1610;0
4;0
12;1786;0
4;4;966;0
778;12;4;2100;0
778;0
778;1680;0
778;248;0
778;6;1626;0
778;2;6;2068;0
778;4;6;0
778;1510;0
778;0
778;2;2;0
778;2;2478;0
778;8;0
778;4;2;374;0
778;10;920;0
778;10;8;0
778;8;1438;0
778;2;0
778;4;1122;0
778;2332;0
778;2;1586;0
778;4;2226;0
778;2;4;2586;0
778;4;0
778;1450;0
0
2;0
6;908;0
2;6;0
6;374;0
12;6;998;0
2;840;0
12;780;0
8;0
8;624;0
10;0;0
2;682;0
4;0
10;1000
2;2712;14
2;2502
2;2;16
2;2056;16
2504;16
4;2738;16
2196
780;0
780;2;466;0
780;4;0
780;0
780;2;6;0
780;2;536;0
780;0
780;2;2;336;0
780;2;8;300;0
780;0
780;12;8;492;0
780;312;0
780;4;616;0
780;4;0
780;282;0
780;2;4;572;0
780;12;440;0
780;116;16
782;4;122;0
782;4;150;0
782;4;468;0
782;12;4;0
782;2;0
782;4;408;0
782;6;296;0
782;8;200;0
782;520;0
782;6;1400;0
782;6;1560;0
782;4;6;816;0
782;6;6;0
782;6;306;0
782;12;6;6240;0
782;2;0
782;6;0
782;204;0
782;8;1550;0
782;4;8;408;0
782;312;0
782;8;8;200;0
782;8;322;0
782;10;0
782;0
782;4;408;0
782;306;0
782;8;200;0
782;4;1092;0
782;2;4;0
782;4;4;306;0
782;8;6;300;0
0
66;0
4;34;0
6;124;0
6;92;0
0
116;0
12;0
8;0
40;0
10;0;0
0
4;0
4;194;0
10;0
0
784;4;1368;0
784;4;1368;0
784;12;4;764;0
784;2;0
784;400;0
784;6;504;0
784;0
784;12;620;0
784;8;0
784;4;8;0
784;10;8;0
784;10;0;0
784;458;0
784;4;1200;0
2;8;1110;0
4;8;0
8;0
10;566;0
0;0
19284;0
6;32;0
8;0
786;8;682;0
786;10;0;0
786;4
786;8;16
786;8
786
8;244;0
4;8;0
12;8;0
0
0
0
788;4;8;0
788;10;0;0
4;22
12;8;1342;32
32
790;10;0
