1;59
21
3
11
1
689;1;55
689;5;223
689;3;5
689;5
689;223
689
689;33
689;7
689;7
689;1
689
689;11;7
689;11;191
689;1;9;431
689;9;587
689;9
1
1;465
459
1;3;665
735
691;3;641
691
691;161
691
691;3;223
691;5;85
691
691;9
691;11
691;1;5
691;3;5
691;3;231
691;5;5
691;7;5;35
691;5
691;11;5;277
691;423
691;3
691;1
691;11;1;243
691;9
691;11
691;617
691;1;7
691;7;7
691;9;7
691;1;603
691
691;273
691;5
691
691;7
691;9;13
691;3
691;11;125
691;1;9;407
691;9;703
691;9;189
691;5;9
691;9;33
691;9;9;33
691;3;73
691;559
691;11;3
691;5;3
691;3
691;7;3;67
691;3;3;483
691;1
5
9
1;1435
5
3;5;1191
5;5
5
5
1;141
1
5
7
9
1;7
3;7
7
3;1011
7;107
121
9
1;9
1;3;1569
9;735
7;9;69
9
3
1061
3;181
1511
11;3
3
7;3
3;121;1
3;1;4993
693;5;37
693;9
693
693;1;5;853
693;5;767
693;5;5
693;5;37
693;5;35
693;5
693;7
693;11;25
693;7;7
693;1;41
693
693;7;85
693;113
693;11;17
693;9
693;9;31
693;5;9;23
693;9
693;45
693;11;3;161
693;3;937
693;9;5;1
693;31;1
693;9;23;1
693;1
1
1;5;2029
1
3;1011
11;5
1
1
11;1265
1145
7
7;1489
1
3;1569
7;335
11;7;1219
345
9;365
1;9
1;3
3
519
11
3;195
3;3
695
695;1;683
695;3;5
695;5;31
695;3
695;5
695;553
695;21
695;11
695;567
695;1;7
695;7
695;461
695
695
695;11;7;419
695
695;9
695;3;9
695;3;741
695;145
695;827
695;3;53
695;11;3;427
695;3;333
695;3;3;435
3
3;13
697
697;1;5
697;3;5
697;5
697;11;5;257
697;1;353
697;3;291
697;11;241
697
697;7;367
697;3;7
697;3;97
697;365
697;3
697;7
697;11;7;269
697;11;217
697;1;9
697;1;3
697;3;9
697;3;211
697;11;145
697;3
697;3
697;3;3
699;1;369
699;5
699;11;5
699;283
699;9
699;1;3;435
699;1;19
699;7
699;9;875
699;539
699;11;15
699;1;383
699
699;7;515
699;1;493
699
699;3;9
699;17
699;1;17
699;3;3;17
1
1;1
9;5;891
5
5;705
3;857
5;755
7;1049
25
3
11
1;3
1
9;581;1
1;7;1
3;7;1
7;1
9;7;1
1;971;1
839;1
5;1
7;849;1
7;701;1
9;551;1
9;1
9;555;1
9;1
9;763;1
9;9;733;1
1;5;19
3;5;19
701;1;5
701;1
701;1
701
701;211
701;281
701;3;7;251
701;1;295
701
701
701
701;9
701;9
701;1;3
701;9
701;11;295
701;3
701;11;3
701;3
701;3;3
1;5
5
11;5
5;309
3
1;7
3;7
1
315
231
11;125
1;9
9
3;9;561
1183
979
3
3;269
703
703;1977
703;1;5
703;3;5
703;5;705
703;5;3467
703;3
703;1839
703;1593
703
703
703;9
703;3;9
703;639
703;773
703
703;3
703;3;2465
703;3375;1
703;3;7;3097;1
703;7;1
703;3;1
703;617;1
703;1;129
5
5
11;5
303
7;209
9;535
5;203;15
15
7;15
231;15
11;7;15
9;15
9;321;15
9;9;425;15
159
3;5;189
3;215
3;7;163
7
1;287
3;425
7
9;443
3;9
7;9;343
9
7;335;47
1615;375
705;5;1;675
705;5
705;5;1603
705;11;2697
705;9;1
705;7;9;1
705;9;9;1
705;9;1135;15
705;5;1711;15
705;15
705;9;1545;15
705;9;7;1865;15
705;2101;15
705;11;7;15
705;9;3777;15
705;9;3;729;15
705;5
705;7;1079
705;2417
705;3;5;2479
705;5
705;5;2123
705;3;1805
705;7;1193
705
705;4017
705;7
705;7
705;7
705;3
705;7
705;1871
705
705;5;9;8699
705;3;725
705;3
705;3
705;7;3;669
705;3;9;7465;17
705;29
705;11;1;843
705;7;595
705;11;1247
705;1;31
705;3;649;31
705;1;989;31
705;31
705;1;3;31
705;31
705;5;3;789;31
705;7;1
11
5
3;5
1
3
9
37
7
7
7;37
9;7;45
3;325
159
7
7
9
11
9;65
9
1;3
9;85
7;9;25
9
311
3;129
5;3;23
3;35
3;3
707;61
707;7;35
707;9;53
707;11
707;5;839
707;3;5
707;5;5
707;5;25
707;9;5;29
707;11;5
707;1;443
707;3;399
707
707;7
707
707;205
707
707;7
707;7;15
707;7;7
707;1;583
707;205
707
707;7
707;7
707;15
707;11;339
707;1151
707;9
707;1;3
707;5;9
707;9
707;9;9;63
707;3;773
707;11;1275
707;3;123
707;865
707;5;3
707;3
707;3
707;7;3
707;3;3;155
357
1;5
5
3
5
5;1201
1
435
1;7
3;7
3;301
11;7
9
3;847
3
3
3
3;3;773
1
11;1
1;9;1131;1
3;9;537;1
9;1
709
709;1;5
709;3;5
709;3
709;11;5
709;773
709;1;817
709;233
709;7
709;11
709;701
709;7;655
709;7;91
709;1
709
709;365
709;11;7
709;11
709;9;139
709;9;903
709;1;3
709;3;9
709;5;9
709;491
709;3;143
709;1;1587
709;5;1;781
1;5
5;413
11;5;255
1
3;209
9
711;11
711;127
711;1;5;163
711;3;5;23
711;5
711
711
711
711
711;9
711;1;3;147
711
711;3
711;3
711;1
711;1;171
711;1;285
3
1;9
713;5
713;3;7
713
713;5
713;1
713;7;783;15
713;9;537;15
713;279
713;1;5;17
713;3;17
713;1;17
713;3;17
713;1;9;125;17
713;41
1;5
5;487
5
7;215
9
7;353
9
15
1
3;85
1;7
3
715
5;5
1377
3233
2137;1
1;5;24029;1
5;23291;1
5;1
1;14875;1
3;5061;1
7;1
3;7;17395;1
1;18955;1
3;11231;1
11;7;1
9783;1
16797;1
1;9;1
1;3;20511;1
9;4925;1
11;3;14235;1
1
26583;1
3;1401;1
1;20835;1
12083;1
1;225
1;461
1;5
5;237
1
1;239
3
1;231
211
3;7
7
31
3;235
11;7
1;9;275
9
3;9
3;227
1
263
3
3;3;161
719;309
719
7;39
9
79
583
3;5
5;5;29
1;821
3;567
239
9
1
617
7;759
3;7;611
7;7
9;7;99
3
5;35
11;7
7
127
11;437
9
9
9
1;3
5;9
7;9;35
9;9;39
411
3;1059
11;3;289
9;3;31
3;515
3;241
3;3
721
721;1;5
721;11;5
721;5;53
721
721;1;7;15
721;3;7;53
721;3;265
721
721;9
721;9
721;1;3
721;1
721;67
721;3;3;49
273
5
5;67
1;271
45
7;267
3;7
1;213
3
11;7;103
9
1;9;237
3;9
3
1;4139
173
11;1;2511
1
1;7
7;229
3;2081
1;259
3
11;7;217
9
3;9
9;125
11;2919
3
3
3;1;5371
725;11;113
725;5;9
725;9
725;9
725;1;9;401
7;295
7;7
7
3
459
11;7
9
1;9;257
3;9
5;9
9
727;1
727;11;8745
727;1;10537
727;1;1413
727;467;7
727;4447
727;6781;9
727;9
727;7;2595
727;4609
727
727;9
727;11;3;15
727;3;7;15
727;1
727
727;1;3
727;3;6033
727;5
727;3
727
727;7
727
727;3;9;6321
729;1;883
729;515
729;1;5
729;5
729;5
729;5;657
729;1;797
729;11;985
729;7
729;7
729;1;9
729;1;3
729
729;1551
729;3
729;3
729;11;3
729
729;223;1
729;5
729;1431
729;1815
729;7
729;1;1503
729;3;1091
729;11
729
729;3;9
11;239
381
1;809
5
3
1;7
3;7
1
425
261
9
1;9
1;3;497
11
3
9;3;35
3
165
731;1
731;5;5
731;9;5
731;11;5
731
731;7;5653
731;3;7;36783;1
731;27
731;9;27
731
731;9;29
731;1;40321;29
731;5;29
731;3793;29
731;9;3997;29
731;29
731;9;2577;29
731;9;7205;29
731;9;29
731;9;9;3101;29
731;9;3;8029;29
731;11;3;55029;29
731;24597;29
731;7
731
731;1;5
731;5;4051
731;1
731;1;7427
731;3
731;5;7793
731;1
731;14775
731;7;7;5889
731;3
731;5
731;7
731;2679
731;7;8759
731;8943
731;7;8759
731;3;9
731;5;9
731;9;5663
731;3;3;42129
731;3
731;1
731;3
731;5;3
731;7;31
1;111
5
1;1515
11;1;1761
1
2975
3;2107
1;9
3
11
3;2993
3;477
11;3
2403
1
1;5;1
3;5;1
1;1
1333;1
1
7;1
7;1003;1
11;7;1483;1
733;11;5
733;3;7;3997
733
733;1093;9
733
733;2063;13
733;3;1597;13
733;2823;15
733;3853;15
733;15
733;11;3305
733
733;11;7
733;11;6125
733;11;2469
733;1;2051;17
733;3;5;17
733;5;17
733;1;3565;17
733;17
733;3;2263;17
733;1;3767;17
733;1;9;17
733;3;9;4309;17
733;3;17
733;3669;17
733;3;4281;17
5
1
11
1;383
3;5;2269
3;1051
9;1;17
5
1
1;231
11;1
7
157
11
1;7
3;7;1389
7
9;7
7;1401
5;15
7;551
11;7
11
9
9;1929
9;495
7;9
9;9;15
11;1319
3;3
1
3;1037
3
3
1321
1;17
735;111
735;7;183
735;3;7;139
735;1
735;225
735;9
735;3;9;145
735;9;93
5
5;731
9
1
11
1
7
11;7;22869
5;1
693;1
1
1
5;25743;1
5;5283;1
1;26563;1
1;7;1
3;7;1
3;14767;1
5;1
1
1;9;1
11;1
9;1
3;30103;1
1;20103;1
11249;1
3;1
3;11541;1
3;1
1
3;513;1
9;3
11;1;7
737;1;893
737;1;5
737;5
737;5;5;51
737;5;14845
737;1
737;11;1559
737
737;9;65
737;11;3095
737;1;3;383
737;11;269
737;3;495
737;3
737;5;581
737;9;5
737;5;1575
737;1939
737;5;37
737;7
737;11
737;753
737;1;7
737;3;7;1995
737;7;1227
737;7
737;5;569
737;7;9335
737;11;7
737;29
737;9;957
737;9;21
737;7;9;17
737;9;9;33
11;5
1;1511
11
1
3
1;9
9
1
7;1
1;7
3;7
11
5;1077;11
3;899;13
2539
2973
11;2179;15
4197
1;5;2515
1;3021
1;3
3;3;1467
3;4047
11;1;1567;25
739;11;5;38055
739;40127
739
739
739
739;7549
739;9;21743
739;9
739;3;51019
739;49455
739
739;5
739;3
739;7;59617;59
739;9;51481;59
739;11;7;63
739;11
739;3
739;1;5;37403;67
739;1;19505;67
739;67
739;7;26779;67
739;1;9;74445;67
739;3;67
739;3;20199
5
11;5
1;7
3;7
7;6085
11;7;2627
11
9
9;5857
3;9
3307
3
11;1
1;5;2277;1
3;5;1
1;1
3;3055;1
6993;1
3;4675;1
11;3;8455;1
3;4377
5323
11;17
3;9685
3;3
1;36501;157
741;1;5
741;3;5
741;5
741;5
741;5;95
741
741;7
741;1
741;11;1;2925;1
741;1;1
741;3;6693;1
741;3457;1
741;11;7;1
741;9;1
741;7183;1
741;1
741
741;1
741;1
741
741;3;7
741;11
741;11333
741;3;9;4707
741;3;6461
741;3;3;3831
741;1;3979
741;3
741;11;3
741;1
1;4635
1;5;2163
5
5
5
1;2373
3
1
1;7
7;2781
3;7;2163
7
3
11;7;2637
887
9;1989
9
9
1;3;3193
11
3;3;3193
1
3
11;3
1;31467;73
743;1
743;3;5
743;11
743
743
743;15
743;7;15
743;9;15
743;101;15
743
743;5
743;5
743;1
743;1;953
743;1;7
743;7;1389
743;1
743;291
743;11
743;1;9
743;1;3
743;11
743
743;3
743;11;3
743;839
743;9;1;147
743;9
743;97
11
1
5
3
11;5
1;925
1;499
3
1
11
1;7
3;7
157
3
11;7
11
9
9;199
3;9
1;3
3;3;603
3
3
11;3;645
809
745
745;1
745;3;5
745;11;5
745;5873
745;1;975
745;2755
745;1
745;11
745;7;5899
745;3;7;6329
745;7
745;1;6367
745
745;3059
745;11;7;4239
745;7547
745;9
745;9
745;9
745;3
745;11;3849
745;5363
745;3;5105
745;3
745;3;6885
745
745;5;2723
5
11;5
11;1;3707;1
1
5
3
9;2125;29
5329
3;7551;39
3;18047;45
45
11;3;9801
9;49
3;9477
1;3
3;3;10853
3;15375
14445;59
11;15167
12715;67
1;9;67
1
3;5;69
5;69
1;69
1;7
11;7;83
7;85
15299
1;1481
5;2061
5
11
9
7;3
11;3;3
9;885
11;15281
3
5;2061;7
1795;7
1631;7
7
1;5;7
5;16809;7
5;12161;7
9;5;7
1;7
16181;7
7
7;7
1865;7
6503;7
1;7;7
3;7;7
9;7;7
1;14547;7
7
3;19771;7
5;7
7
11;7;13695;7
7;2207;7
7571;7
7
7
1;9;23307;7
9;19149;7
9;14081;7
5;9;7
1;3;20957;7
3;18299;7
7
3;13731;7
3;7
9969;7
7;11
1
1
749;5;5;125
749;11;5
749;11;2079
749;3;1485
749;1
749;3
749
749;3;3;2637
749;1
749;3;2375
749;11;3
749;2075
749;7
749
749;15
749;5;3003
749;7
749;9
749;19
749;11;7;2397;19
749
749;3;5
749;5
749;3
749;1;7;4983
749;3;2405
749;7;1301
749;3;9;2305
749;1
3
1;95
11;5;3217
11;2933
1;3
3
3
11;1
5
9;623;11
9
15
2833
3;5
1;7;2629
3;1713
17
11;17
3
7;2713
3
3533
3;9
1
1923
1;343
751;7;1
751;1;57
751;5
751;11
751
751;5;1
751;1;1
751;3;6455;1
751;5;1
751;1
751;3;7;8149;1
751;1;9517;1
751;1
751;7;2763;1
751;1
751;9;2227;1
751;9;1
751;3;9;4711;1
751;5
751;7;9
751;9
751;11
751;5
751;3;5
751;11;3
751
751;447
751;3;3;3159
751;4073
751;9;3;39
751;3
751;9;35;17
751;3;55;25
1;1
1
1
1;21877
1;13925
753;11;5
753;11;3
753;5;1
753;2753;1
753;3;519;1
753;7;3;1
753
753
753;3;47;3
753;5;447
753;9
753
753;7;635;15
753;11;1057
753
753;3;5
753;3
753;1;1507
753;3;883
753;3;9
753;1;2041;33
1;2009;3
9;1;3
755;1
755;5;1;6707
755;5;5;4961
755;5;4421
755;11;5
755;7;5933
755;7;3;5795
755;5467;1
755;5803;1
755;1
755;11;1
755;1;5;1
755;5;4617;1
755;5;4779;1
755;5;2169;1
755;4459;1
755;11;1;6515;1
755;5;1
755;5161;1
755;9;1
755;1
755;6069;1
755;7;6177;1
755;3;6241;1
755;9;7;1
755;7;1
755;1
755;6063;1
755;6377;1
755;5;5699;1
755;6813;1
755;6817;1
755;1
755;1
755;7;1
755;9;1
755;1;3;6151;1
755;3;3;6283;1
755;1;5155;1
755;3;5927;1
755;3;1
755;3;5735;1
755;3;1
755;5;3;6145;1
755;1
755;3;1;7207
1;5;117
1;1
3;5;51
1
5
1;7;111
7;107
7
11;7
201
1;9
3;9;51
3;75
3;3;65
11;3
3
757;1;3
757;23
757
757
757;3;3
757;3;107
757;3;47
757;3
1
1;55
1;379
39
3;247
299
3;3;189
11;3;105
3
759;5
759;3;5;443
759
759;1;9
759;9
759;1
759;855;1
759;441;1
759;7;843;1
759;1
759;1;3;779;1
759;3;3;465;1
759;3;825;1
759;3;65;1
759;11;3;1
759;65;7
759;1;5
759;25
759;1
21
9
3;9
1;23;7
761;1;1637
761;11;1;1509
11;7441
3;5
5;883
11;5
1
11;1
1053
11
3;7;12183
1721
3;3
3
13041
11;3;7395
1
1;5;15339;1
1;7;23481;1
1;1
1;1
3;8309;1
11;7;1
1
1
1;9;1
3;9;11257;1
1;3;11019;1
1;11463;1
763;643
763;5
763;1
763;2229
763;765
763
763;3793
763;3;7
763;7
763;7595
763;3;4953
763;7;1997
763;9;2693
763;9
763;1183
763;3;699
763;3
763;3477
763;11;1
763;1;5201;1
763;11;1;1
763;1
763;1;9;1
763;1;3;8551;1
763;8301;1
763;3;1
5;141
7;45
45
1;5017
7;5
5;529
11;5
11;1
6171
3699
5
7
11
9
3;8203
7;3
1;6491
3;47
3
9;3;55
11;3;4929
7;1
503
5;8021
3;5
5
7453
2517
7
9;47
4701
7;7583
7;7
7
3;7091
5
7;2475
11;7
9
9;1827
3;9
5;9
9
9
3
765;5
765;11;9259
765;1;9;14449
765;2217;1
765;5189;1
765;5955;1
765;11;1
765;1
765;11
765;1;5;14167
765;3;5
765;1
765;13373
765;3
765;7
765;3;10497
765;1
765
765;3;13095
765;9;4767
765;9;16691
765;1;3;8913
765;3;3
765;3
765;13733
765;11;3
765;3
765;3;3
5
11;5;2771
3
257
11
1;7;10275
3;7
1
3;4321
11;7;3597
11;4235
1;9
3;9;4791
9
11;1
1
5;1511;1
1;1
1
1827;1
1;3;1
3;1
11;3879;1
3;3;3715;1
3;615;1
3869;1
3;1
1
767
767;9
767;1;9
767;1;1
767;1;5;12891;1
767;5;1
767;1;4757;1
767;1;1
767;3;8063;1
767;7;1
767;3;7;11305;1
767;1;1
767;9533;1
767;1
767;1
767;3;8611;1
767;14467;1
767;3;10913;1
767;1
767;3;1
767;1
5
49
1;5
5
5;5
5;549
11
5
63
1
1
2335
5;3
5873;3
3;3
7;3
7;8495;3
1;3
7;1589;3
11;7;3
3
9;7479;3
9;1903;3
3;25
11;1;33
11;4679;33
11;3;4003;33
1;2899
1
3
3;3;4299
3
769;11;4003
769;5;7143
769;5;2187
769;11;5
769;5
769;11;1
769
769;4625
769;1;7
769;3;7
769;3
769;7777
769
769;2405
769;11;7;4921
769;9
769;1;9;6333
769;3;9;4795
769;9;2247
769
769;3;3
769;3;11301
769;3
769;11;3;6847
769;1;1
769;1;1
769;1;3;8331;1
11;4761
9;2323
11;5613;1
5;1
2601;1
7;1
1805;1
7;2115;1
1
1;9;1
3;9;1
3;1
1;5
3;5
5
1
1;7
7;8535
3;7;7469
1;9965
11;6103
1;3
3;3
1;6835
3;4499
11;3
3889
771;5;5;915
771;11;5
771;5;3;137
771;113
771;5;3915
771
771;3913
771;3;6015
771;5281;31
771;11
771;1;5
771
771
771;7
771;491
771;185
771;9;185
771;9;207
771;9;9;205
771;3
771;11;3
771;5;217;33
771;7;233;33
771;1053;33
771;3;5;3153;33
771;7;5;233;33
771;1;3195;33
771;5;543;33
771;7;233;33
771;33
771;1;7;33
771;7;7;83;33
771;1;5005;33
771;3;33
771;5;125;33
771;7;2073;33
771;73;33
771;9;1869;33
771;1;9;33
771;3;9;3153;33
771;3;3361;33
771;1971;33
771;3143;33
771;3;63;33
771;3;4713;33
11;5
483
19
21
5;1045;25
5
2175
9;2809
3;1661;29
403
11;1781
9
3
795
1;2231;31
1;5;31
5;31
1;31
1;7;4375;31
3;7;2503;31
1;31
1;31
7;31
3;9;2091;31
3;2915;31
31
1;31
773;5
773;11;5;1525
773;11;2253
773;9;1543
773;317;1
773;7;9
773
773;15
773;15
773;871
773
773;3
773;3
773;1225
773;1;1113;17
773;1;1267;17
773;1;17
773;17
773;9;17
773;3;17
773;3;3;1889;17
773;1;5;2947
773;3;5
773;1;2035
773;1;7
773;3;7
773;1;1367
773;1;9;3615
773;3;9;1841
5
11;2475
11;1;1999
9
557
3145;15
7;15
9;3711;15
3;15
11
1;2299
3;5;2935
1
1997
1;7;5269
3;7;3395
1
3
11;7;2683
1;9
3;9;2041
1;3
11;2587
3;3;2549
3
11;3
7;17
775;5
775;7;333
775;9;699
775;1;6713
775;5;691
775;1
775;11
775;6889
775;1
775
775;337
775;9
775;11;6555
775;9
775;3;9;6901
775;5;9
775;3;7515
775
775;3;3;5931
775;1;5667
775;3
775;3;5035
775;11;3;5677
775;3
775;4491
775;1
775;5;7583;1
775;5;4199;1
775;5;1
775;1;1
775;1
775;5;1
775;7;711;1
775;9;1
775;1;7;1
775;3;7;8087;1
775;7;461;1
775;9;7;1319;1
775;1;9847;1
775;3;1
775;5;823;1
775;7;1
775;673;1
775;11;6211;1
5
11;3457
7
1839;13
1949
1431
9;23
3
7
5
9
3
5755;31
11
11
11;3;3587
1;33
3;5;33
5;33
1;33
1;7;33
3;1709;33
1;33
3;33
3;9;33
3;33
33
3;6107;33
777
777;1;5;2361
777;3;5;1265
777;5;631
777;11;5
777;1
777
777;565
777;225
777;1;7;2395
777
777;3;7;1275
777;7;1785
777;705
777;3;1195
777;7
777
777;9;445
777;9;1921
777;3;9
777;1;3;2291
777;11
777
777;3
777
777;11;3
777;11;1079;1
11;1575
1
5
5;543
5
1
3;1575
11
7;2027
3;7;1955
3
7
3;1501
1307
11;7;1743
9
1;9;1505
3;9
3
2205
3;3
3;2671
3
3
779
779;3;5
779;5
779;1;227
779;3
779;1;7
779;3;7;697
779;1;2313
779;635
779;785
779;1;9
779;3;9;655
779;3;707
779;809
779;11;1
779;2769
779;1
779;1;3;2841
779;3033
779;3;3899
779;1095
639
3;5;543
3
5;461
1
1;7;931
7
1
3
11;205
9
1;9;343
1;3;633
11
1;633
3;713
3
5
131
9;153
153
1;5
3;5
5;5;313
7;5
9;5
5
5;485
1155
5
7
11
1;7;1575
3;7
7
7
3;621
5
7
7
9
1117
9;787
3;9
9
7;9
9;9
1;1475
3
783;11
783
783;5
783;11;5
783;5
783
783
783;7
783;1
783;139
783
783;11
783;9
783;3;9;79
783;3;131
783;119
783;3;103
783
11
1;5
3;5
5;91
5
7;593
1;529
723
11;7;657
11
1;9
9
9
785;1
785;3;1119
785;7
785
785;9;12407
785;9
785;5;9
785;7;9;11
785;9;9
181;7
1079;15
9;939;15
1117;17
1;9;17
787;1;307
787
787;11;131
787;9;69
787;9
787;9
3
1;9
789;9
789;9;1137;29
789;1;9;1259
789;11;43
